Beginning run for  2018-08-17 19:23:01.928339
building
[]
0
4.814548211903883 316.69288908827116
7.416381604993519 437.58488170654306
0.8476669717081622 1223.332440336391
20.987087328854 5969.272255165297
21.174660003745274 5823.557096058022
4.32894774877466 511.5634126538431
2.320925844544345 1055.3143204663158
2.8991925450247273 536.7409310061297
2.899192545024728 1420.7463110341432
3.8469598752748833 505.48256754369805
3.8469598752748833 1067.2139299530147
4.274153036364208 632.0542315661332
7.605384602770895 501.62005842224505
number of predicts: 300
number of negatives: 2
6.920676146205869 359.36797662031483
7.852073510233112 365.8012793867357
11.465432951375995 402.56061686943883
6.767399273224794 278.07102623470945
4.183903732785438 259.8499669600314
7.116369886957756 368.2203232049863
7.070104553800237 485.14888139383015
48.988332702311034 895.9831661459303
51.69672070309669 829.5987449536573
7.4321089833117195 328.1756558390521
5.001887060047403 533.2027909945654
5.040118632339001 529.1582074168708
5.040118632339001 529.1582074168708
7.000803305875386 380.95915913229476
2.3264142399534764 467.3231568381344
1.9426511182195696 420.414740296745
2.9919635129885407 1158.5315467089893
2.987987679361527 1326.9638415351867
3.0036765575812225 508.8698179183266
3.0533592295080405 423.3172211061352
3.0623979313412995 484.24097674691615
3.0698391412376167 575.3234559133357
3.086650009508332 455.4261530964014
3.0986051457894983 428.8713986139444
3.1064729701045404 731.8273384076784
3.1340302977607117 796.2854688471683
3.145895201416343 638.2314460332951
3.2182240664644994 492.5669569121148
3.231013789207872 364.7710637852429
3.246855652259569 1036.31242648349
3.3002397794606346 1393.527869794909
10.130449284094693 280.6111806464674
9.913393773772059 286.7552120858924
7.902299032871062 359.73294888793356
number of predicts: 349
number of negatives: 1
number of predicts: 7
number of negatives: 3
number of predicts: 114
number of negatives: 1
number of predicts: 114
number of negatives: 2
number of predicts: 16
number of negatives: 1
number of predicts: 16
number of negatives: 1
number of predicts: 32
number of negatives: 2
'2806'
'2791'
6.9932511892185225 233.52295022404107
0.2700802220777486 634.9849381075518
8.941349848954342 409.196396194135
8.751466514828913 418.0748596939146
8.654652660524839 422.75158562876555
7.0945106852155115 515.7181795395304
6.548551332827175 558.7141261246718
number of predicts: 118
number of negatives: 1
number of predicts: 118
number of negatives: 1
number of predicts: 118
number of negatives: 1
number of predicts: 118
number of negatives: 1
8.298029640272482 440.92010922040373
7.564124903923952 377.04216435411195
4.9738682674387595 256.569965379028
7.371293246386174 501.83971236668833
7.064267574504507 523.6505615794734
7.018185732867061 527.0888835576247
7.2265112349728335 511.89399175560214
7.011897196295943 527.5615969514025
7.099225928139624 521.0719760127904
12.589619395734939 640.4537796215315
10.71722928934369 656.8132367159787
27.435467045493514 623.8212386895577
21.75920588411015 2727.7129696833654
38.64590924318959 1813.9308027456161
4.039251972638529 950.3057803317055
58.438475171445226 1092.7605688767014
58.82492333493593 1085.5817186371014
44.61146732870883 1367.1007902476642
13.64986066170944 263.6269961346356
8.969483577586555 435.84944275666436
8.611497619836806 453.9680078527661
10.499115619852933 424.1040304698121
10.354590833677722 430.0234864197605
9.300847234789941 420.32132346859737
8.343040611268838 468.575499180221
7.3547954934090916 531.5367942738126
43.83957971382244 614.4697792593439
8.180615328619599 477.8790179058349
34.71249182772779 785.3000008037661
28.118634459481996 455.66189007883736
number of predicts: 421
number of negatives: 2
number of predicts: 421
number of negatives: 1
number of predicts: 421
number of negatives: 2
6.064770253036693 464.31709197914824
6.846829176180489 587.0926617513586
12.574946739027256 516.654718208844
12.945759608245817 908.9644037684917
8.005503804516614 362.22959995317694
9.30764953976446 446.7365882134855
6.696629562886765 281.0096695918232
24.41721735347627 291.0559190253589
10.489197938393659 642.2159144493843
22.364204866041415 2067.076672686822
22.374538046751855 2028.3892774799015
22.040903367150555 2097.397071786161
13.25474063907559 3995.063482942846
12.110216331189616 4372.6328956377665
11.444267938357676 4627.078865006772
11.444267938357676 4627.078865006772
13.25474063907559 3995.063482942846
11.83291726653519 2510.5049504829663
4.7183567837109734 323.1491921396017
number of predicts: 90
number of negatives: 1
0.37200880601570635 940.480814181797
number of predicts: 598
number of negatives: 2
0.21799539838007378 454.64666180627825
5.336610982900863 486.35385596491255
4.938756291885615 525.5333885543041
7.377759056118087 556.5524003300064
9.277688244782013 235.81090249051252
number of predicts: 87
number of negatives: 1
3.5180691330695613 883.349822858448
4.18988149801768 741.7120858838326
3.2828115386152925 946.6537170792354
3.221550241176483 964.655371746079
7.488248236475204 488.60134169714837
8.90239207777284 410.9870811507129
8.69767403178127 420.66052624344906
8.664125563285511 422.28937110598076
9.09596602614943 402.2407432904569
5.607681199654055 402.39307354865105
6.970904414237378 422.5183735112743
5.445766327430106 414.35712399996345
7.005692267303841 420.42029290271114
'6185'
'6185'
'1375'
4.872593360118821 463.09878675259614
'1375'
'gen:57102:3607:0:1'
18.267072671234853 854.5693161171281
19.234850979248304 534.5892279475155
19.2348509792483 498.4848781066933
'3444'
9.032850941223055 460.3272684048286
6.97842234857423 393.3918794996813
12.019405826071427 345.9461856809829
8.2100629415256 353.2044103908953
4.616755889924085 479.6725961614035
3.3450269101252896 662.0369112308248
45.984631980384684 542.3350464283172
12.3583611056836 291.1771013267977
26.7928863085722 490.0460379893973
16.39126562996373 984.5353449308315
number of predicts: 484
number of negatives: 2
number of predicts: 484
number of negatives: 2
number of predicts: 484
number of negatives: 2
number of predicts: 484
number of negatives: 2
number of predicts: 484
number of negatives: 2
number of predicts: 484
number of negatives: 2
number of predicts: 484
number of negatives: 2
number of predicts: 484
number of negatives: 2
6.27938850376085 289.23142616560347
23.94207821523965 1780.5700193239538
14.671269612344396 2719.9752669288514
number of predicts: 467
number of negatives: 391
number of predicts: 467
number of negatives: 391
7.149560930782881 277.29058901533244
number of predicts: 467
number of negatives: 397
6.723824588679089 256.2158512899863
16.91334245808548 2359.4088855538216
number of predicts: 2
number of negatives: 2
28.257055511870558
number of predicts: 2
number of negatives: 2
66.08353205659311
number of predicts: 2
number of negatives: 2
57.42501469709849
number of predicts: 172
number of negatives: 1
0.9508512705198529 1090.5790813376775
1.4508110448394658 5922.034863288755
0.8774947130738362 1181.749006167572
1.4443446081849622 617.684637915657
number of predicts: 219
number of negatives: 12
5.798641257277082 196.63864568435775
6.038109069392076 605.870450643171
6.398938575820862 283.827774070743
24.497429316289356 1740.2049055824018
46.55044993200843 918.2913487540484
number of predicts: 216
number of negatives: 174
1.9403264572825656 1257.0241624605353
6.504883746573599 491.7901938016086
number of predicts: 216
number of negatives: 6
31.98851800932597 559.2128191442409
38.47454719619126 499.1132651084169
9.00053007366992 243.07235464139828
8.103275226080862 357.85905817445473
9.117372804342228 456.05984189885027
6.945021410019662 395.28383306170747
11.950890446922148 347.92952191709435
6.3451630354030515 432.6531356768857
number of predicts: 4
number of negatives: 1
number of predicts: 4
number of negatives: 1
number of predicts: 4
number of negatives: 1
3.9724193923300075 712.1060015389539
0.17090194524120997 579.9283327217007
'gen:57102:3606:0:1'
number of predicts: 54
number of negatives: 1
number of predicts: 54
number of negatives: 1
17.36413558052999 455.3925419725708
4.12881392464 536.3601566898964
4.08620003745033 1012.5085065314515
16.064992124029374 492.2192167991291
4.341210544337026 510.11837849056263
4.347592783206451 951.6328928709438
4.603611704583985 354.7398768966486
6.2652500180762285 260.6575387498325
number of predicts: 25
number of negatives: 1
5.555127140533803 316.56300109449376
16.704497112869834 473.37539033615394
4.8109289245040845 460.31261702574676
4.675510298805496 884.889997646802
15.940187808147655 496.0730661612458
5.228731076107811 791.2650769538806
6.558348496931563 249.00851946616743
3.8819104371891044 264.33248181046304
7.838292090952866 453.2814192812814
44.42564232781908 610.7585165227829
7.687776611100593 462.156009918154
41.85834066152393 648.2182278346122
39.528665391110756 686.4218443816295
39.528665391110756 686.4218443816295
52.23772064948437 531.6618991008444
44.550538938209904 623.3999953114866
46.663219896234125 595.1755113976953
228
229
227
230
231
1641
1642
213
214
4432
119
44
7603
45
46
47
48
49
51
52
265
271
340
350
351
352
353
354
355
356
357
390
372
373
374
375
2804
376
377
378
226
381
382
4451
383
384
385
387
388
389
393
371
391
392
395
396
397
398
399
400
319
278
10
12
14
15
17
18
19
21
7602
85
203
204
205
1620
220
221
222
223
224
225
4381
935
936
913
914
938
940
941
942
943
4503
3599
3610
3611
6135
3612
3613
3615
3616
3618
3619
3620
3622
3623
4387
3634
3635
3636
905
4331
4339
6010
3656
3653
1039
1040
6054
4330
3691
3572
3701
3702
3088
3704
3705
733
6015
788
815
3663
7348
3669
3671
3672
3078
3087
6033
3089
3090
3706
3707
3708
3709
3710
4925
4926
3678
6117
1041
1050
6055
1073
3641
3642
3643
3583
3584
3585
3586
3587
3588
3590
3589
3591
3592
3605
3606
3607
3608
3609
3598
4465
944
945
947
948
949
928
951
952
953
1730
1731
1732
1733
1650
1652
5141
1773
1774
1651
4784
608
4791
4792
1196
1197
4473
250
251
4597
255
218
219
114
1645
1646
7571
1644
1605
232
233
242
243
253
244
245
4474
4790
1220
1221
674
4389
4390
530
4785
7607
1764
1765
1766
1767
7129
1744
1745
1746
1747
1748
6122
35
36
37
38
39
40
41
42
43
261
404
747
842
845
846
847
848
849
850
851
852
853
854
855
856
857
858
859
860
861
862
3014
3015
3016
3017
3018
3019
3020
3021
3022
441
442
443
444
445
4779
7057
4847
4848
449
450
3181
451
447
5045
4460
453
454
4475
3023
3024
3025
3026
3027
3028
3029
3030
3031
875
876
878
879
880
881
882
883
884
885
886
887
903
904
906
907
908
909
786
793
320
22
23
24
25
27
28
29
4680
31
32
33
7270
7639
7640
5047
3134
3143
3144
3221
3222
3223
3224
3225
3226
3227
3228
3229
7472
3230
3232
3233
3234
4462
3235
3236
3237
6103
7554
2031
2032
2033
2034
2035
2036
2037
3046
3047
3048
3049
3050
3051
3052
3053
3054
3055
3056
3057
3058
3059
3060
3061
3062
3063
3064
3065
3066
3067
3068
3069
3070
4983
2042
2043
2044
2045
2046
7553
6082
3205
3206
3207
3208
3209
3210
4981
3211
3212
3213
3214
3215
3216
3217
3218
3219
3220
5046
6200
6201
6196
3532
3533
3491
6007
4349
3184
5142
3187
3188
3189
3190
3191
3192
3193
3194
3195
3196
3198
3199
3200
3201
3085
3082
3165
3166
3167
3168
3169
3171
3173
3174
3175
3176
3177
3178
3179
4984
448
4457
3182
3183
4350
5143
2833
6006
3493
3494
6197
6198
2795
756
757
758
759
760
761
762
763
2007
2008
2009
2010
435
2011
2012
3322
3563
2837
2838
2839
2840
2845
2846
2847
4397
2848
2849
2850
2851
2852
4987
2978
2979
2980
2981
2954
2955
7067
2956
2965
2967
2968
2969
2970
4988
2853
2854
2855
2856
2857
2858
2859
2860
2861
2829
2830
2831
2832
4477
3321
4727
4728
461
2068
2069
2070
2084
768
769
770
771
772
773
774
775
776
777
792
7586
7587
7588
281
3283
3284
3481
3482
3483
3484
3485
3486
3487
7415
7416
3317
3318
3320
2064
2065
6004
3
192
795
796
56
58
4499
4934
4500
4481
4485
822
823
824
825
826
827
71
72
5144
7027
4538
7396
5145
485
487
488
489
490
491
492
493
494
495
279
284
4504
7028
5147
68
30
69
828
829
830
831
75
4501
4935
4502
4936
79
80
82
817
818
819
263
4725
4495
2809
408
409
410
411
412
413
414
4525
4526
1700
1701
1702
16
73
74
4371
832
833
77
78
83
84
1278
1282
4456
1284
1285
1286
1288
1289
1360
1362
1363
1365
1366
1367
7455
7438
1410
1411
1412
1413
1414
1415
1417
1418
5149
1419
1423
1424
1425
1426
1427
1428
1429
1430
1432
1433
1434
1435
7439
7454
1380
1381
1382
1383
1384
1385
1348
1349
1350
1352
1353
1355
1357
1359
53
54
55
59
60
820
821
63
64
65
66
4498
1660
1661
4523
4524
6057
2183
2184
2185
1463
4399
4400
1464
1469
1465
1466
1467
1468
1377
1378
4514
4515
1995
1996
1997
1998
1999
2001
2002
274
1505
4509
499
500
501
1484
1481
7320
1486
1487
1488
1489
1491
1492
1493
1482
1494
1495
1496
1515
1499
1485
4518
509
510
511
513
4513
272
335
1934
1935
1937
1938
1939
1940
1941
4516
1369
1370
1371
1454
1455
1453
1456
1457
1458
1459
1460
1462
6094
2102
2103
7154
7153
6235
327
6016
6017
7192
4683
107
6125
7092
110
112
113
115
116
117
118
270
4521
1942
1943
1944
1945
1946
1947
1948
1949
1950
1951
1952
1953
1954
1955
1956
1957
1958
1959
1960
4379
1963
4549
1964
4674
4663
4664
2160
2161
4665
4666
4667
4668
4677
2136
2137
7201
2138
2139
2140
2141
2142
2143
2145
4670
2165
2166
4545
4552
4554
324
7229
4617
4555
4576
3418
3419
2374
2146
2147
2148
2149
2150
2151
2152
2153
2154
6245
4671
4672
3465
4673
2172
2159
4409
4550
4551
1965
1966
1975
1977
1978
1980
1981
1982
4406
1984
1985
1986
1987
1988
1989
1990
1992
1993
1994
7
11
86
87
88
89
90
91
92
93
94
102
6239
104
6241
105
6253
7191
6238
6182
322
323
6234
7230
7591
496
515
516
4384
519
521
522
523
1740
1741
1742
1743
1749
1751
1752
1753
1754
1759
1758
1750
1769
1770
1771
1760
1761
1762
1763
1772
1775
1776
1777
1778
1755
1756
1757
1794
7469
1724
1725
1726
1727
1728
1729
1734
1735
1736
1737
1738
1739
614
615
616
617
618
619
675
620
621
297
497
669
670
671
672
4382
1185
1186
1187
1188
216
217
254
246
248
249
252
234
235
236
1190
1191
1192
1193
1194
1195
664
665
666
667
668
4415
301
336
7581
1283
7579
1016
1017
1018
1019
1020
1076
1077
1078
1079
1080
1081
2914
2989
2990
1042
1043
1044
1045
4710
1046
1047
1048
1049
4333
4334
4712
2862
2863
2864
4486
2865
2866
6041
2826
2842
2843
2844
4707
4708
4336
1051
1052
1053
1054
1036
4709
1037
1038
2998
2999
3000
3001
3002
1166
1167
1168
1169
1170
1069
1070
1071
4528
1072
7577
1354
7578
7582
7149
7277
6363
6361
6367
4985
6219
6229
6364
1558
4542
1531
1532
1533
1534
1535
1536
1537
186
187
188
189
190
191
264
6059
334
1021
6042
1022
1023
1024
896
897
893
894
1067
1068
194
195
196
197
198
199
1506
1507
1508
1509
1510
1511
1512
1538
4543
1560
1280
6366
6230
6228
7111
6365
6276
6362
7276
895
1025
1026
1027
1028
2818
2819
3012
877
3011
2896
2897
1062
1063
1064
1065
1066
407
2498
2499
2500
2501
7623
6312
7197
7195
3625
3626
3627
3628
6052
6051
6053
7327
3629
3630
3631
3632
3633
7194
7196
6310
6311
7399
7398
7397
6252
2810
843
1013
1015
325
1443
1444
1445
4407
4151
2997
4153
4154
4416
4201
4202
4203
5090
4204
4205
4206
3140
3141
3142
3145
3146
3147
3148
5127
5128
2996
3258
2060
2061
2062
2063
4533
4844
4177
4178
4179
2993
2994
4180
4181
4182
4320
1476
7453
1478
1479
7622
406
7353
4571
2013
2014
4636
2016
2015
2017
3259
7361
7362
3129
3130
3131
3132
3133
3135
3136
3138
3139
4124
4125
4126
4127
4128
4129
4130
4131
7294
767
4132
4171
4172
4173
2962
2963
2964
4175
5091
5092
7574
6318
6319
7246
6320
4594
4595
4596
4563
1218
1270
1272
1273
1274
1275
1276
1277
1219
1082
1083
1085
1121
1122
1123
1124
1125
1127
1130
1140
1141
1142
1143
1144
1145
4869
4870
3007
6283
6282
6335
6326
4886
4887
1150
1151
1152
1153
1154
946
1155
1157
1158
1159
1160
1161
1162
1163
1164
1165
299
1198
1199
1200
4385
1201
1202
1203
6115
4593
7516
6079
6315
6316
7236
7245
1279
2310
2311
5025
4854
1438
4855
1439
1440
1386
1387
1388
1389
3355
3356
1441
1442
7414
1396
2317
2318
2319
2320
2321
2322
6163
1095
1096
1097
1099
6132
4861
4863
4864
4865
4577
4578
1100
100
1111
2323
2324
2325
2326
5150
2327
2328
2329
2330
2331
1397
1398
1399
5148
1401
1402
1403
1404
1405
4856
4857
307
308
309
7412
7413
2383
2003
1358
7514
2279
6251
5140
1500
302
4522
2312
2313
2314
2315
2094
1406
1407
1409
2095
2096
2097
2099
2101
2726
2727
2105
6140
6144
6145
6146
6147
6149
6150
6143
6011
2133
6244
2134
2135
2164
7016
4606
7142
7015
4762
4763
2156
6014
6242
6152
6153
6243
6154
6155
6141
6142
2181
2182
2778
7043
2186
2187
2188
2189
1436
3952
2190
4434
2379
2380
2382
5099
2508
1086
1087
1088
1089
1090
1091
1092
1093
1094
1101
1102
1103
1105
1107
1108
1109
1110
1112
1113
1114
1115
2437
1117
1118
1119
1120
7216
7558
2915
2916
2917
2918
1300
1301
1302
1303
5129
5130
1135
7064
7066
2924
2925
7442
7446
7070
7445
6339
6324
6325
6341
6277
6278
6279
6285
6286
6287
6288
6342
6298
6336
7069
7443
7444
2941
2942
7065
7063
1137
5131
5132
1331
1332
1333
1334
2985
2986
2988
2948
2949
2950
2983
2984
7347
7349
1631
1632
5053
1633
1634
1635
1636
1637
1638
1639
1640
237
262
1287
1290
1291
1292
1293
1294
1295
1296
1297
1298
1299
1304
1305
1320
1321
1322
1323
1324
7068
2966
2971
5051
5052
208
209
210
211
212
215
5171
2976
2977
2991
2992
1325
1326
1327
1328
1329
1330
7293
1335
1336
1337
1338
1339
1340
1341
1342
1343
1344
1345
1347
8
1622
1623
1624
1625
1626
1627
1628
1629
1630
2825
2867
1035
1314
1316
1315
4332
4582
7447
7449
2927
2929
2930
7441
2934
2935
2936
2937
2938
7440
2940
7448
4337
1310
1311
1312
1313
1055
2868
3353
3354
1400
1391
3357
3358
2449
2450
2451
2434
2435
2436
1306
1307
1308
1309
2892
2893
2894
2895
863
864
865
866
2052
2082
2083
765
462
464
465
466
467
468
3032
3033
2085
3083
430
431
432
433
434
4391
2071
2072
867
869
870
873
874
2820
2822
2823
5032
1317
1318
1319
1281
2413
2414
2415
2464
2465
2466
3360
1392
1394
1395
3361
3362
4747
7298
2294
6039
1816
6171
4974
4976
2510
7242
7238
7224
1581
4793
6068
1584
983
984
985
987
988
138
139
140
141
142
143
126
989
6009
990
991
992
7044
993
5060
5061
1235
1251
7130
1237
1253
997
998
999
1000
1001
1002
1003
1004
1005
1006
1007
1008
1009
1010
956
957
958
959
960
961
962
963
964
965
966
967
968
1252
1228
1244
1246
1229
5174
6078
7112
972
973
974
975
5055
976
127
128
129
130
131
132
7458
979
980
981
1576
1577
1578
4364
1579
1580
7237
7241
7247
7243
7334
6274
1838
2338
2290
6179
7297
7389
4359
4360
4361
2202
2203
2204
4888
4799
2205
2687
2688
2689
2696
2697
2700
2701
2702
2784
2785
2786
2787
1421
2467
2494
2495
2496
2497
2471
2472
2473
2474
2475
2476
2477
2478
4527
2788
2789
2790
779
780
781
2796
2797
415
416
417
2800
2801
7599
4657
7279
4658
4659
4660
4661
4238
4239
4237
3442
4240
4241
4242
4243
4244
4277
4278
4279
4280
7462
7461
4281
4282
4283
4284
4292
4293
4294
4295
4296
4297
4299
4300
4301
4302
5135
4303
4304
4148
4149
3045
4150
4156
4168
4170
4134
4135
4136
4207
4208
4209
4210
4211
4212
4213
5139
4214
4215
4216
4289
4290
4291
4222
4224
4225
4226
4227
4228
4229
4230
4232
7351
4234
4235
6019
4236
4650
4651
4652
4653
4654
4655
6138
4167
4183
4184
4185
4584
4186
4187
4189
4190
4097
4103
4104
4105
4106
6139
4417
4419
4422
4199
4420
4421
2113
4108
4109
4110
4111
4112
4113
4095
4192
4194
4196
7369
7295
4686
4687
4365
4367
4788
6273
136
137
193
1529
1530
1592
1593
1594
1596
4363
1598
1597
1599
1600
1601
1602
1603
1604
1573
1574
1575
4583
7126
7124
7343
7318
4980
2289
1835
1836
1837
1813
1814
661
7026
1882
1856
1857
1858
1859
1860
4492
1861
1862
1863
1864
1865
1866
1850
1867
4489
4323
1824
1825
1826
1828
1829
1830
1831
4464
1869
1870
1871
1872
1873
1874
1875
1876
1877
1878
1879
1880
1881
4493
4362
2960
1545
1840
1841
1842
1817
1818
1819
1820
2468
7319
7342
7125
7344
1585
1586
1587
4539
1606
1607
1608
1609
1610
7471
1513
4592
4375
4366
4479
4376
4377
4890
4369
4368
4781
124
1852
1853
1854
1844
6172
7379
4903
1883
1884
1902
1903
1904
7575
4978
4979
4986
7107
7102
7103
7104
7105
7106
7381
4742
4743
4744
4745
4989
4990
4991
4992
5071
5072
4321
7570
7073
7097
7098
7099
7100
7101
7505
6005
1546
7155
1887
1888
1889
1890
4820
6126
2226
6134
2223
2224
2225
4620
7563
3368
4626
4627
4327
4603
4604
2679
4691
2682
4690
4411
4715
4795
4688
4689
4410
2678
4630
4631
5138
4611
4612
4613
3370
7168
4616
2227
2229
6133
2228
6127
4826
1912
1895
1896
1897
6073
3890
3891
3949
3950
2230
2231
2233
2232
2234
2235
2236
2238
5056
2239
2241
2242
2243
2244
2245
2246
2247
2248
2249
2250
2251
1472
4408
1473
1474
315
4530
748
7391
7392
312
7078
1449
1450
1451
2191
2192
2193
2194
2195
2196
2197
2198
2200
2201
7239
4401
2213
2214
2215
2216
4599
2217
2218
2219
2220
2221
3886
3887
3888
4624
4625
4628
4623
4619
4561
4629
4632
5164
4633
7435
2722
4413
2637
2721
7012
4601
5058
4602
4605
4562
7386
4607
4608
4609
4610
6290
7120
7119
7127
7143
7137
7139
7140
7141
7138
7231
7128
7117
7118
7049
7184
4953
782
783
784
785
791
7585
345
318
3365
3366
3367
3372
3373
3374
749
750
751
752
753
754
755
7187
4001
346
317
2210
2211
2353
4643
4644
4645
4440
2628
2629
6095
7062
6075
2631
2359
2360
4348
4646
4647
2346
4435
2632
2633
2369
2370
2371
2372
2373
2377
2378
2332
2333
2334
4662
2335
2336
2337
2339
2340
2601
4446
2603
2557
4436
5008
4640
4347
2349
2351
2621
2622
2623
2624
4441
2626
2669
4641
4642
298
4695
1243
4696
4697
1250
4698
4383
4699
4388
4700
1266
1267
1268
1269
1265
1258
1259
1260
6130
1262
4692
1245
4693
1254
1255
1256
4694
1249
1247
1248
4324
4769
4770
4765
4766
4767
4768
4325
3328
3329
3330
3331
3351
3332
3333
3334
3352
3335
3336
3337
3338
3339
3340
4326
300
4782
1782
1783
1784
1785
1786
624
625
626
627
628
629
630
4466
633
634
1788
1789
1791
1792
1793
635
636
637
638
639
640
641
642
643
644
645
1796
1797
1798
1799
1800
1801
1222
1223
1224
1225
1226
1227
1231
1232
1233
1234
7358
969
1176
1177
1178
1179
5033
1238
1239
247
1240
1241
1242
418
419
420
2088
2089
4952
2086
479
480
481
482
483
289
525
526
527
528
529
531
709
532
649
650
651
4472
4386
653
722
723
724
725
726
727
728
729
730
5160
5155
4806
5156
7552
924
925
927
950
915
916
917
918
919
7551
4800
5157
5154
4804
738
739
740
741
742
743
744
745
600
654
655
656
657
658
659
604
605
606
607
609
610
611
612
613
533
534
535
536
537
538
539
540
541
542
543
544
545
546
547
548
549
550
551
552
553
554
555
557
558
559
560
562
563
564
565
566
707
708
731
710
711
712
713
714
715
716
717
718
719
720
721
693
567
568
569
570
571
572
573
574
575
576
577
579
580
581
582
583
584
585
586
587
588
589
590
591
592
593
594
595
596
597
598
599
601
602
603
680
681
682
683
684
685
686
688
689
690
5062
691
692
695
696
697
698
699
700
701
702
703
704
705
706
677
678
679
694
910
911
912
929
930
931
206
1643
3600
3601
3602
3604
3624
3593
3594
3595
3596
3597
790
6087
3621
7616
5081
3640
3574
6207
292
1171
1172
1173
1174
1175
3670
3674
3675
3676
3677
3679
3711
3712
3713
3714
3715
5175
3755
3756
3757
3758
3759
3760
3761
3762
3763
3764
3765
3766
3767
3768
3770
3769
3771
3772
3773
3774
7172
3775
3777
3778
3781
3782
3783
3784
3785
3786
3787
3788
3789
3790
3791
3792
3793
3794
3795
3797
3798
3799
6076
6077
3569
3571
3801
3802
3805
7175
3806
3807
3808
3809
3719
3718
3720
3721
3722
5069
3723
3724
3738
7170
3740
3741
5165
7169
3744
5176
6048
5064
7173
3811
3812
3664
3813
3814
3815
3816
3566
3567
7292
3818
3819
3820
3822
3823
3824
3565
3825
3826
3827
3828
3829
3831
3832
3833
3834
3835
3836
3837
3838
3840
3842
3843
3844
3845
3846
3848
3849
3850
3851
3852
3853
3854
3855
3856
3857
3858
3859
3860
3861
3862
3863
3748
6050
3749
3750
3752
3751
3689
3692
3694
3695
3696
3697
3698
3699
3885
277
7592
3725
3726
7039
7204
3728
3729
3730
3732
3733
3734
3735
3736
3739
3743
3780
3745
3746
3690
333
7219
7218
7031
4897
4898
4574
4575
1680
1681
1682
1683
1684
1685
1686
1687
1688
1689
1690
1691
1692
1693
1694
1695
1696
1697
1698
1699
1703
1704
1705
1706
1707
1708
1709
1528
1710
1711
1712
1713
1714
1715
7340
329
1647
1648
1649
1911
802
1654
1655
1656
1657
4458
1658
1659
1662
1664
1665
1666
1667
1668
1669
1670
1671
1672
1673
1674
1675
7380
1676
1517
1678
1679
4520
4825
7233
4573
4893
4894
4895
7217
7227
1719
4997
4998
4999
1833
1834
4314
4899
4900
4746
1845
7166
1847
1905
1804
1803
7370
7333
2
57
1802
1795
1806
1807
7167
1808
2961
4901
4902
1849
1851
1822
4994
4995
4996
1827
7382
7374
328
1913
1914
1805
7025
1899
7240
1891
7156
7020
7029
7038
7011
2171
7160
7047
7161
7158
7048
7159
7388
7017
7018
7030
7021
7163
1893
1894
6088
1898
1906
1907
1908
1909
6107
6108
6109
6110
6111
6112
6113
7475
7113
146
147
184
185
273
405
421
422
423
424
425
426
427
428
429
6334
7660
3114
3115
3116
6085
2026
7330
2051
6086
3161
3162
3163
3164
3084
469
470
471
472
473
4705
475
476
477
478
6
200
201
148
149
150
7132
2957
2958
4938
1549
1523
1524
1525
1526
6080
838
839
840
841
2642
2643
2644
2709
2710
2711
2712
2655
2656
2668
2672
2673
2206
4798
2674
2675
2124
2125
2126
2127
2128
2129
4797
7473
4796
1591
2681
2680
2676
2118
2119
2120
2121
2123
2685
2686
7510
2713
2714
2715
2716
2718
2719
834
835
836
837
1595
1518
1519
1520
7661
1521
4546
1559
4937
1547
1548
4548
6348
1182
1550
1551
1552
1553
7023
7014
4315
4316
4317
7013
6162
7022
1554
1555
1556
1557
1181
7350
1514
1582
7559
288
5073
5074
5075
5076
3682
3864
3865
4910
4911
4912
4913
4914
4915
7189
4843
4905
4906
4907
4908
4909
3884
3686
5077
5078
5079
5044
4921
4922
4923
4924
4958
7133
7134
3867
7135
7136
7144
3881
5096
7145
5030
5031
4916
4917
4918
4919
4920
5029
5028
7115
7114
7116
7654
1184
1205
1206
1207
1208
1209
1210
1211
3575
3576
3577
3578
3579
3580
5082
3639
3644
3645
3646
3647
3661
3573
3662
1212
1213
1214
1215
1216
1217
3648
3649
3650
7328
3651
3652
3654
5084
6359
4433
3655
5086
3657
3658
7329
3659
3660
4096
4114
4115
4116
4117
4118
4119
4120
4121
4122
4123
3310
3488
3489
3492
2835
7176
2836
2841
2898
3562
2899
2900
2901
2902
2903
1074
6074
207
2811
2812
2813
2814
2815
2816
2817
2824
2827
2828
7375
3466
3467
3469
3470
3471
3472
3473
3474
3475
3476
3477
3478
3280
3282
3479
4086
4087
4088
4089
4090
4091
6097
4093
4094
3495
3496
3497
3498
3499
3500
3501
3502
3503
3504
3505
3506
3507
3508
3510
3512
3514
3515
3516
3517
3518
3519
3521
3523
3524
3525
3527
3528
3529
2040
3202
3203
3204
3241
3242
3243
3244
3245
3534
3535
3536
3537
3538
7556
3539
3540
3541
3542
3543
4169
4147
5167
4139
4140
7522
4142
4143
4144
5088
5089
4176
3545
3552
3553
3554
3555
3556
3557
3560
7323
3561
3231
3246
3247
7056
3248
3343
3238
3239
3240
3546
3551
3547
3548
4137
4138
4145
4146
797
798
799
800
801
803
804
805
806
7491
7513
2039
2041
4568
4569
4570
2056
2057
2058
2059
2018
2019
2020
2021
2022
4565
4566
4567
807
808
809
810
811
812
813
814
81
4962
3034
4353
4355
4354
3345
4726
7555
342
2385
2386
2387
2388
2515
2516
2517
2518
4749
4750
4751
4754
4755
3003
2522
2524
2523
2532
4877
4878
7180
7123
4342
7122
7121
7183
4880
2539
2540
2542
3004
4756
3005
4757
4758
6343
4759
4760
2547
2548
2634
2635
2636
5097
5192
2357
2638
3420
3421
3422
3376
3377
3378
3379
4669
6013
6247
7433
3423
1972
1973
1974
518
2255
2256
2717
2257
2258
2259
2260
2261
4469
2262
2264
2265
2269
2270
2274
7601
2278
2720
2280
2281
2282
4468
2283
2389
2390
2391
2392
2393
2394
2395
2396
2397
2398
2399
2400
2401
2402
2403
2551
2553
2554
2555
2556
7214
2558
6170
5023
5161
5162
2571
2594
2595
2596
2597
2599
2404
2405
2406
2408
2409
2410
2411
2412
2438
2439
2440
2441
2442
2443
2444
4344
2750
2751
2752
2753
2754
2755
2756
2764
7178
2765
2766
2767
2772
2768
2769
2770
2771
2773
2774
2777
2775
2728
2729
2730
6083
2733
2734
5169
2735
2736
2725
2737
2738
2739
7177
2740
2741
2742
2743
2745
2746
2747
2748
4830
3091
3092
3093
3094
3095
3096
3097
3098
3099
3100
3101
3102
3103
5105
3105
3106
3107
3108
7666
3111
2919
2920
2921
2922
2923
2943
2944
2945
2946
2947
2047
2048
2049
2050
2053
2054
2055
7636
7651
7635
3254
3126
3255
3309
3306
4772
3276
7372
5106
4396
4773
4393
4395
4313
3277
3278
3279
7360
3256
3265
3266
3346
3267
3268
3269
3270
3271
3272
3273
3274
3275
3285
7324
7373
3289
3312
4771
3307
3262
3153
7634
3249
7637
2023
2024
2025
2027
2028
2029
2030
3290
5168
3291
3292
3293
3294
3295
3296
3297
3298
3260
3261
7564
2550
4445
2352
2573
2574
2576
2577
2578
2579
7395
6124
4004
4005
4006
4007
4008
4010
4009
4011
5110
4012
4013
4014
4098
4015
4017
4018
4019
4020
4100
4021
4022
4023
4024
4027
7250
7248
7207
7288
7286
7283
7282
7278
7252
7254
7257
7258
7260
7263
7264
7268
7289
7280
7281
7284
7287
7208
7249
7253
7251
4051
4052
4054
4055
4057
4101
4102
4058
4059
4060
4061
4062
4063
4064
4056
4133
4065
4066
4067
4068
4069
4070
4071
4072
4073
2583
2584
2585
2586
2587
2588
2589
2590
2591
2592
2358
2600
7266
7265
7262
7261
7259
7256
7255
5111
3006
4871
4872
4873
4874
7331
2559
2560
2561
2562
2564
4927
4928
2575
4929
7460
4930
4931
4713
4714
4960
4932
4933
2566
2567
2568
2569
7550
2570
7222
4882
4883
4884
4885
3985
3986
3987
3989
3990
3991
3998
3999
4000
7186
3954
3955
3956
3957
3958
3959
3960
3961
3962
3963
3964
3965
3968
3966
5113
3918
3980
6089
3981
3982
3983
3993
3994
3995
3996
3997
7234
4002
5112
4003
4404
4405
1447
7050
7185
6156
6165
6157
6158
7314
7193
7313
6164
6159
6160
6161
3947
3892
3893
3895
3896
3897
3898
3899
3900
3901
3902
3904
3905
3906
3907
3908
3909
5118
3910
3911
3912
3913
3914
7075
3925
3008
3917
3926
7074
3919
3920
3921
3922
3923
3112
3924
3927
3928
3929
7108
3935
3936
7110
3938
3939
3940
3941
3943
3944
3945
3946
7085
7086
7087
7088
7089
7091
7079
7080
7081
7565
7082
7083
7084
3400
3401
3402
3403
3404
3405
3406
3410
3407
3408
3409
4558
3411
3412
3413
3414
3415
3416
3417
2158
1471
1372
1373
1374
1968
1969
1970
1971
2114
2115
2167
3383
3384
3385
3386
3387
4559
3389
3390
6119
3392
3393
3394
3396
3397
3398
3399
6187
6188
6215
4564
3443
3444
3445
3446
3447
3448
3449
3436
7432
3454
3455
3456
3457
3438
5022
6002
5119
5120
5121
5122
3461
4532
4534
4535
2169
2170
4720
1452
2640
2641
2162
2163
2168
4536
6003
5123
5124
5125
6001
4438
3432
3426
3434
3435
3453
3437
3439
3440
4557
3441
4560
2109
3427
3428
3429
7644
7645
7646
3071
3072
3073
3074
3075
3076
3077
4
3036
3037
3038
3039
3040
3041
3042
7641
7642
7643
175
156
4319
4724
4508
7402
4717
7401
3665
7400
7611
286
2605
2538
6128
2544
2545
1131
1132
1133
1134
4586
2872
2873
2874
2877
7394
2878
2879
2038
4637
7393
2880
2882
2883
2885
2886
2887
4587
1138
1139
2520
2521
2533
2534
2535
2536
2616
2604
2905
7612
1014
5006
5007
2130
2173
2174
3425
2763
2619
2620
2345
4341
2363
2364
2618
5011
2762
2110
2111
2112
2116
2117
4414
5009
2617
2606
2607
2608
2609
2610
2425
2426
2427
2428
2429
2430
2420
2421
2423
2424
2447
5133
2611
2602
2613
2614
2615
5024
326
2645
2646
2647
2648
2649
2650
2652
2653
2654
2657
2658
2659
2660
2661
2662
2909
2906
2907
2670
2910
2911
7507
2663
2664
2665
2666
2667
2703
2704
2706
6070
2708
5134
1480
2912
6020
6023
6026
6027
6030
6028
6025
6024
6021
3079
3080
3081
7584
3344
7421
7422
4732
3544
7317
4731
7419
7420
4891
7425
7424
7423
1566
1567
4372
179
7431
176
181
182
183
1614
1615
2479
2480
2481
2482
2483
2484
2485
2486
2487
2488
2489
2448
5026
2490
2491
2492
2493
1616
1617
1618
1619
202
151
153
154
155
7430
177
178
1539
1540
7426
7427
7428
133
134
173
174
157
158
159
7188
3117
3118
3119
3120
3122
3123
3124
3125
3127
3128
4217
4218
4219
4220
4221
4231
7352
4246
4248
4249
4250
4251
4252
4253
4254
6137
4256
4257
4258
4259
7272
4305
4306
4309
4260
4261
7271
5136
4262
4263
4264
7296
4265
4266
4267
4268
4269
4270
4271
4273
4274
4275
4276
4285
4286
4287
4288
3149
3150
3151
3152
2995
3154
3155
3156
3158
3159
3160
4307
4308
746
844
7363
4588
4589
7364
7365
4591
4590
7366
7367
7368
167
168
169
2416
2417
2418
2419
2452
2453
2454
2455
2456
2445
2457
4392
2446
2459
2460
2461
2462
2463
2431
2432
2433
164
165
166
2458
228
229
227
230
231
1641
1642
213
214
4432
119
44
7603
45
46
47
48
49
51
52
265
271
340
350
351
352
353
354
355
356
357
390
372
373
374
375
2804
376
377
378
226
381
382
4451
383
384
385
387
388
389
393
371
391
392
395
396
397
398
399
400
319
278
10
12
14
15
17
18
19
21
7602
85
203
204
205
1620
220
221
222
223
224
225
4381
935
936
913
914
938
940
941
942
943
4503
3599
3610
3611
6135
3612
3613
3615
3616
3618
3619
3620
3622
3623
4387
3634
3635
3636
905
4331
4339
6010
3656
3653
1039
1040
6054
4330
3691
3572
3701
3702
3088
3704
3705
733
6015
788
815
3663
7348
3669
3671
3672
3078
3087
6033
3089
3090
3706
3707
3708
3709
3710
4925
4926
3678
6117
1041
1050
6055
1073
3641
3642
3643
3583
3584
3585
3586
3587
3588
3590
3589
3591
3592
3605
3606
3607
3608
3609
3598
4465
944
945
947
948
949
928
951
952
953
1730
1731
1732
1733
1650
1652
5141
1773
1774
1651
4784
608
4791
4792
1196
1197
4473
250
251
4597
255
218
219
114
1645
1646
7571
1644
1605
232
233
242
243
253
244
245
4474
4790
1220
1221
674
4389
4390
530
4785
7607
1764
1765
1766
1767
7129
1744
1745
1746
1747
1748
6122
35
36
37
38
39
40
41
42
43
261
404
747
842
845
846
847
848
849
850
851
852
853
854
855
856
857
858
859
860
861
862
3014
3015
3016
3017
3018
3019
3020
3021
3022
441
442
443
444
445
4779
7057
4847
4848
449
450
3181
451
447
5045
4460
453
454
4475
3023
3024
3025
3026
3027
3028
3029
3030
3031
875
876
878
879
880
881
882
883
884
885
886
887
903
904
906
907
908
909
786
793
320
22
23
24
25
27
28
29
4680
31
32
33
7270
7639
7640
5047
3134
3143
3144
3221
3222
3223
3224
3225
3226
3227
3228
3229
7472
3230
3232
3233
3234
4462
3235
3236
3237
6103
7554
2031
2032
2033
2034
2035
2036
2037
3046
3047
3048
3049
3050
3051
3052
3053
3054
3055
3056
3057
3058
3059
3060
3061
3062
3063
3064
3065
3066
3067
3068
3069
3070
4983
2042
2043
2044
2045
2046
7553
6082
3205
3206
3207
3208
3209
3210
4981
3211
3212
3213
3214
3215
3216
3217
3218
3219
3220
5046
6200
6201
6196
3532
3533
3491
6007
4349
3184
5142
3187
3188
3189
3190
3191
3192
3193
3194
3195
3196
3198
3199
3200
3201
3085
3082
3165
3166
3167
3168
3169
3171
3173
3174
3175
3176
3177
3178
3179
4984
448
4457
3182
3183
4350
5143
2833
6006
3493
3494
6197
6198
2795
756
757
758
759
760
761
762
763
2007
2008
2009
2010
435
2011
2012
3322
3563
2837
2838
2839
2840
2845
2846
2847
4397
2848
2849
2850
2851
2852
4987
2978
2979
2980
2981
2954
2955
7067
2956
2965
2967
2968
2969
2970
4988
2853
2854
2855
2856
2857
2858
2859
2860
2861
2829
2830
2831
2832
4477
3321
4727
4728
461
2068
2069
2070
2084
768
769
770
771
772
773
774
775
776
777
792
7586
7587
7588
281
3283
3284
3481
3482
3483
3484
3485
3486
3487
7415
7416
3317
3318
3320
2064
2065
6004
3
192
795
796
56
58
4499
4934
4500
4481
4485
822
823
824
825
826
827
71
72
5144
7027
4538
7396
5145
485
487
488
489
490
491
492
493
494
495
279
284
4504
7028
5147
68
30
69
828
829
830
831
75
4501
4935
4502
4936
79
80
82
817
818
819
263
4725
4495
2809
408
409
410
411
412
413
414
4525
4526
1700
1701
1702
16
73
74
4371
832
833
77
78
83
84
1278
1282
4456
1284
1285
1286
1288
1289
1360
1362
1363
1365
1366
1367
7455
7438
1410
1411
1412
1413
1414
1415
1417
1418
5149
1419
1423
1424
1425
1426
1427
1428
1429
1430
1432
1433
1434
1435
7439
7454
1380
1381
1382
1383
1384
1385
1348
1349
1350
1352
1353
1355
1357
1359
53
54
55
59
60
820
821
63
64
65
66
4498
1660
1661
4523
4524
6057
2183
2184
2185
1463
4399
4400
1464
1469
1465
1466
1467
1468
1377
1378
4514
4515
1995
1996
1997
1998
1999
2001
2002
274
1505
4509
499
500
501
1484
1481
7320
1486
1487
1488
1489
1491
1492
1493
1482
1494
1495
1496
1515
1499
1485
4518
509
510
511
513
4513
272
335
1934
1935
1937
1938
1939
1940
1941
4516
1369
1370
1371
1454
1455
1453
1456
1457
1458
1459
1460
1462
6094
2102
2103
7154
7153
6235
327
6016
6017
7192
4683
107
6125
7092
110
112
113
115
116
117
118
270
4521
1942
1943
1944
1945
1946
1947
1948
1949
1950
1951
1952
1953
1954
1955
1956
1957
1958
1959
1960
4379
1963
4549
1964
4674
4663
4664
2160
2161
4665
4666
4667
4668
4677
2136
2137
7201
2138
2139
2140
2141
2142
2143
2145
4670
2165
2166
4545
4552
4554
324
7229
4617
4555
4576
3418
3419
2374
2146
2147
2148
2149
2150
2151
2152
2153
2154
6245
4671
4672
3465
4673
2172
2159
4409
4550
4551
1965
1966
1975
1977
1978
1980
1981
1982
4406
1984
1985
1986
1987
1988
1989
1990
1992
1993
1994
7
11
86
87
88
89
90
91
92
93
94
102
6239
104
6241
105
6253
7191
6238
6182
322
323
6234
7230
7591
496
515
516
4384
519
521
522
523
1740
1741
1742
1743
1749
1751
1752
1753
1754
1759
1758
1750
1769
1770
1771
1760
1761
1762
1763
1772
1775
1776
1777
1778
1755
1756
1757
1794
7469
1724
1725
1726
1727
1728
1729
1734
1735
1736
1737
1738
1739
614
615
616
617
618
619
675
620
621
297
497
669
670
671
672
4382
1185
1186
1187
1188
216
217
254
246
248
249
252
234
235
236
1190
1191
1192
1193
1194
1195
664
665
666
667
668
4415
301
336
7581
1283
7579
1016
1017
1018
1019
1020
1076
1077
1078
1079
1080
1081
2914
2989
2990
1042
1043
1044
1045
4710
1046
1047
1048
1049
4333
4334
4712
2862
2863
2864
4486
2865
2866
6041
2826
2842
2843
2844
4707
4708
4336
1051
1052
1053
1054
1036
4709
1037
1038
2998
2999
3000
3001
3002
1166
1167
1168
1169
1170
1069
1070
1071
4528
1072
7577
1354
7578
7582
7149
7277
6363
6361
6367
4985
6219
6229
6364
1558
4542
1531
1532
1533
1534
1535
1536
1537
186
187
188
189
190
191
264
6059
334
1021
6042
1022
1023
1024
896
897
893
894
1067
1068
194
195
196
197
198
199
1506
1507
1508
1509
1510
1511
1512
1538
4543
1560
1280
6366
6230
6228
7111
6365
6276
6362
7276
895
1025
1026
1027
1028
2818
2819
3012
877
3011
2896
2897
1062
1063
1064
1065
1066
407
2498
2499
2500
2501
7623
6312
7197
7195
3625
3626
3627
3628
6052
6051
6053
7327
3629
3630
3631
3632
3633
7194
7196
6310
6311
7399
7398
7397
6252
2810
843
1013
1015
325
1443
1444
1445
4407
4151
2997
4153
4154
4416
4201
4202
4203
5090
4204
4205
4206
3140
3141
3142
3145
3146
3147
3148
5127
5128
2996
3258
2060
2061
2062
2063
4533
4844
4177
4178
4179
2993
2994
4180
4181
4182
4320
1476
7453
1478
1479
7622
406
7353
4571
2013
2014
4636
2016
2015
2017
3259
7361
7362
3129
3130
3131
3132
3133
3135
3136
3138
3139
4124
4125
4126
4127
4128
4129
4130
4131
7294
767
4132
4171
4172
4173
2962
2963
2964
4175
5091
5092
7574
6318
6319
7246
6320
4594
4595
4596
4563
1218
1270
1272
1273
1274
1275
1276
1277
1219
1082
1083
1085
1121
1122
1123
1124
1125
1127
1130
1140
1141
1142
1143
1144
1145
4869
4870
3007
6283
6282
6335
6326
4886
4887
1150
1151
1152
1153
1154
946
1155
1157
1158
1159
1160
1161
1162
1163
1164
1165
299
1198
1199
1200
4385
1201
1202
1203
6115
4593
7516
6079
6315
6316
7236
7245
1279
2310
2311
5025
4854
1438
4855
1439
1440
1386
1387
1388
1389
3355
3356
1441
1442
7414
1396
2317
2318
2319
2320
2321
2322
6163
1095
1096
1097
1099
6132
4861
4863
4864
4865
4577
4578
1100
100
1111
2323
2324
2325
2326
5150
2327
2328
2329
2330
2331
1397
1398
1399
5148
1401
1402
1403
1404
1405
4856
4857
307
308
309
7412
7413
2383
2003
1358
7514
2279
6251
5140
1500
302
4522
2312
2313
2314
2315
2094
1406
1407
1409
2095
2096
2097
2099
2101
2726
2727
2105
6140
6144
6145
6146
6147
6149
6150
6143
6011
2133
6244
2134
2135
2164
7016
4606
7142
7015
4762
4763
2156
6014
6242
6152
6153
6243
6154
6155
6141
6142
2181
2182
2778
7043
2186
2187
2188
2189
1436
3952
2190
4434
2379
2380
2382
5099
2508
1086
1087
1088
1089
1090
1091
1092
1093
1094
1101
1102
1103
1105
1107
1108
1109
1110
1112
1113
1114
1115
2437
1117
1118
1119
1120
7216
7558
2915
2916
2917
2918
1300
1301
1302
1303
5129
5130
1135
7064
7066
2924
2925
7442
7446
7070
7445
6339
6324
6325
6341
6277
6278
6279
6285
6286
6287
6288
6342
6298
6336
7069
7443
7444
2941
2942
7065
7063
1137
5131
5132
1331
1332
1333
1334
2985
2986
2988
2948
2949
2950
2983
2984
7347
7349
1631
1632
5053
1633
1634
1635
1636
1637
1638
1639
1640
237
262
1287
1290
1291
1292
1293
1294
1295
1296
1297
1298
1299
1304
1305
1320
1321
1322
1323
1324
7068
2966
2971
5051
5052
208
209
210
211
212
215
5171
2976
2977
2991
2992
1325
1326
1327
1328
1329
1330
7293
1335
1336
1337
1338
1339
1340
1341
1342
1343
1344
1345
1347
8
1622
1623
1624
1625
1626
1627
1628
1629
1630
2825
2867
1035
1314
1316
1315
4332
4582
7447
7449
2927
2929
2930
7441
2934
2935
2936
2937
2938
7440
2940
7448
4337
1310
1311
1312
1313
1055
2868
3353
3354
1400
1391
3357
3358
2449
2450
2451
2434
2435
2436
1306
1307
1308
1309
2892
2893
2894
2895
863
864
865
866
2052
2082
2083
765
462
464
465
466
467
468
3032
3033
2085
3083
430
431
432
433
434
4391
2071
2072
867
869
870
873
874
2820
2822
2823
5032
1317
1318
1319
1281
2413
2414
2415
2464
2465
2466
3360
1392
1394
1395
3361
3362
4747
7298
2294
6039
1816
6171
4974
4976
2510
7242
7238
7224
1581
4793
6068
1584
983
984
985
987
988
138
139
140
141
142
143
126
989
6009
990
991
992
7044
993
5060
5061
1235
1251
7130
1237
1253
997
998
999
1000
1001
1002
1003
1004
1005
1006
1007
1008
1009
1010
956
957
958
959
960
961
962
963
964
965
966
967
968
1252
1228
1244
1246
1229
5174
6078
7112
972
973
974
975
5055
976
127
128
129
130
131
132
7458
979
980
981
1576
1577
1578
4364
1579
1580
7237
7241
7247
7243
7334
6274
1838
2338
2290
6179
7297
7389
4359
4360
4361
2202
2203
2204
4888
4799
2205
2687
2688
2689
2696
2697
2700
2701
2702
2784
2785
2786
2787
1421
2467
2494
2495
2496
2497
2471
2472
2473
2474
2475
2476
2477
2478
4527
2788
2789
2790
779
780
781
2796
2797
415
416
417
2800
2801
7599
4657
7279
4658
4659
4660
4661
4238
4239
4237
3442
4240
4241
4242
4243
4244
4277
4278
4279
4280
7462
7461
4281
4282
4283
4284
4292
4293
4294
4295
4296
4297
4299
4300
4301
4302
5135
4303
4304
4148
4149
3045
4150
4156
4168
4170
4134
4135
4136
4207
4208
4209
4210
4211
4212
4213
5139
4214
4215
4216
4289
4290
4291
4222
4224
4225
4226
4227
4228
4229
4230
4232
7351
4234
4235
6019
4236
4650
4651
4652
4653
4654
4655
6138
4167
4183
4184
4185
4584
4186
4187
4189
4190
4097
4103
4104
4105
4106
6139
4417
4419
4422
4199
4420
4421
2113
4108
4109
4110
4111
4112
4113
4095
4192
4194
4196
7369
7295
4686
4687
4365
4367
4788
6273
136
137
193
1529
1530
1592
1593
1594
1596
4363
1598
1597
1599
1600
1601
1602
1603
1604
1573
1574
1575
4583
7126
7124
7343
7318
4980
2289
1835
1836
1837
1813
1814
661
7026
1882
1856
1857
1858
1859
1860
4492
1861
1862
1863
1864
1865
1866
1850
1867
4489
4323
1824
1825
1826
1828
1829
1830
1831
4464
1869
1870
1871
1872
1873
1874
1875
1876
1877
1878
1879
1880
1881
4493
4362
2960
1545
1840
1841
1842
1817
1818
1819
1820
2468
7319
7342
7125
7344
1585
1586
1587
4539
1606
1607
1608
1609
1610
7471
1513
4592
4375
4366
4479
4376
4377
4890
4369
4368
4781
124
1852
1853
1854
1844
6172
7379
4903
1883
1884
1902
1903
1904
7575
4978
4979
4986
7107
7102
7103
7104
7105
7106
7381
4742
4743
4744
4745
4989
4990
4991
4992
5071
5072
4321
7570
7073
7097
7098
7099
7100
7101
7505
6005
1546
7155
1887
1888
1889
1890
4820
6126
2226
6134
2223
2224
2225
4620
7563
3368
4626
4627
4327
4603
4604
2679
4691
2682
4690
4411
4715
4795
4688
4689
4410
2678
4630
4631
5138
4611
4612
4613
3370
7168
4616
2227
2229
6133
2228
6127
4826
1912
1895
1896
1897
6073
3890
3891
3949
3950
2230
2231
2233
2232
2234
2235
2236
2238
5056
2239
2241
2242
2243
2244
2245
2246
2247
2248
2249
2250
2251
1472
4408
1473
1474
315
4530
748
7391
7392
312
7078
1449
1450
1451
2191
2192
2193
2194
2195
2196
2197
2198
2200
2201
7239
4401
2213
2214
2215
2216
4599
2217
2218
2219
2220
2221
3886
3887
3888
4624
4625
4628
4623
4619
4561
4629
4632
5164
4633
7435
2722
4413
2637
2721
7012
4601
5058
4602
4605
4562
7386
4607
4608
4609
4610
6290
7120
7119
7127
7143
7137
7139
7140
7141
7138
7231
7128
7117
7118
7049
7184
4953
782
783
784
785
791
7585
345
318
3365
3366
3367
3372
3373
3374
749
750
751
752
753
754
755
7187
4001
346
317
2210
2211
2353
4643
4644
4645
4440
2628
2629
6095
7062
6075
2631
2359
2360
4348
4646
4647
2346
4435
2632
2633
2369
2370
2371
2372
2373
2377
2378
2332
2333
2334
4662
2335
2336
2337
2339
2340
2601
4446
2603
2557
4436
5008
4640
4347
2349
2351
2621
2622
2623
2624
4441
2626
2669
4641
4642
298
4695
1243
4696
4697
1250
4698
4383
4699
4388
4700
1266
1267
1268
1269
1265
1258
1259
1260
6130
1262
4692
1245
4693
1254
1255
1256
4694
1249
1247
1248
4324
4769
4770
4765
4766
4767
4768
4325
3328
3329
3330
3331
3351
3332
3333
3334
3352
3335
3336
3337
3338
3339
3340
4326
300
4782
1782
1783
1784
1785
1786
624
625
626
627
628
629
630
4466
633
634
1788
1789
1791
1792
1793
635
636
637
638
639
640
641
642
643
644
645
1796
1797
1798
1799
1800
1801
1222
1223
1224
1225
1226
1227
1231
1232
1233
1234
7358
969
1176
1177
1178
1179
5033
1238
1239
247
1240
1241
1242
418
419
420
2088
2089
4952
2086
479
480
481
482
483
289
525
526
527
528
529
531
709
532
649
650
651
4472
4386
653
722
723
724
725
726
727
728
729
730
5160
5155
4806
5156
7552
924
925
927
950
915
916
917
918
919
7551
4800
5157
5154
4804
738
739
740
741
742
743
744
745
600
654
655
656
657
658
659
604
605
606
607
609
610
611
612
613
533
534
535
536
537
538
539
540
541
542
543
544
545
546
547
548
549
550
551
552
553
554
555
557
558
559
560
562
563
564
565
566
707
708
731
710
711
712
713
714
715
716
717
718
719
720
721
693
567
568
569
570
571
572
573
574
575
576
577
579
580
581
582
583
584
585
586
587
588
589
590
591
592
593
594
595
596
597
598
599
601
602
603
680
681
682
683
684
685
686
688
689
690
5062
691
692
695
696
697
698
699
700
701
702
703
704
705
706
677
678
679
694
910
911
912
929
930
931
206
1643
3600
3601
3602
3604
3624
3593
3594
3595
3596
3597
790
6087
3621
7616
5081
3640
3574
6207
292
1171
1172
1173
1174
1175
3670
3674
3675
3676
3677
3679
3711
3712
3713
3714
3715
5175
3755
3756
3757
3758
3759
3760
3761
3762
3763
3764
3765
3766
3767
3768
3770
3769
3771
3772
3773
3774
7172
3775
3777
3778
3781
3782
3783
3784
3785
3786
3787
3788
3789
3790
3791
3792
3793
3794
3795
3797
3798
3799
6076
6077
3569
3571
3801
3802
3805
7175
3806
3807
3808
3809
3719
3718
3720
3721
3722
5069
3723
3724
3738
7170
3740
3741
5165
7169
3744
5176
6048
5064
7173
3811
3812
3664
3813
3814
3815
3816
3566
3567
7292
3818
3819
3820
3822
3823
3824
3565
3825
3826
3827
3828
3829
3831
3832
3833
3834
3835
3836
3837
3838
3840
3842
3843
3844
3845
3846
3848
3849
3850
3851
3852
3853
3854
3855
3856
3857
3858
3859
3860
3861
3862
3863
3748
6050
3749
3750
3752
3751
3689
3692
3694
3695
3696
3697
3698
3699
3885
277
7592
3725
3726
7039
7204
3728
3729
3730
3732
3733
3734
3735
3736
3739
3743
3780
3745
3746
3690
333
7219
7218
7031
4897
4898
4574
4575
1680
1681
1682
1683
1684
1685
1686
1687
1688
1689
1690
1691
1692
1693
1694
1695
1696
1697
1698
1699
1703
1704
1705
1706
1707
1708
1709
1528
1710
1711
1712
1713
1714
1715
7340
329
1647
1648
1649
1911
802
1654
1655
1656
1657
4458
1658
1659
1662
1664
1665
1666
1667
1668
1669
1670
1671
1672
1673
1674
1675
7380
1676
1517
1678
1679
4520
4825
7233
4573
4893
4894
4895
7217
7227
1719
4997
4998
4999
1833
1834
4314
4899
4900
4746
1845
7166
1847
1905
1804
1803
7370
7333
2
57
1802
1795
1806
1807
7167
1808
2961
4901
4902
1849
1851
1822
4994
4995
4996
1827
7382
7374
328
1913
1914
1805
7025
1899
7240
1891
7156
7020
7029
7038
7011
2171
7160
7047
7161
7158
7048
7159
7388
7017
7018
7030
7021
7163
1893
1894
6088
1898
1906
1907
1908
1909
6107
6108
6109
6110
6111
6112
6113
7475
7113
146
147
184
185
273
405
421
422
423
424
425
426
427
428
429
6334
7660
3114
3115
3116
6085
2026
7330
2051
6086
3161
3162
3163
3164
3084
469
470
471
472
473
4705
475
476
477
478
6
200
201
148
149
150
7132
2957
2958
4938
1549
1523
1524
1525
1526
6080
838
839
840
841
2642
2643
2644
2709
2710
2711
2712
2655
2656
2668
2672
2673
2206
4798
2674
2675
2124
2125
2126
2127
2128
2129
4797
7473
4796
1591
2681
2680
2676
2118
2119
2120
2121
2123
2685
2686
7510
2713
2714
2715
2716
2718
2719
834
835
836
837
1595
1518
1519
1520
7661
1521
4546
1559
4937
1547
1548
4548
6348
1182
1550
1551
1552
1553
7023
7014
4315
4316
4317
7013
6162
7022
1554
1555
1556
1557
1181
7350
1514
1582
7559
288
5073
5074
5075
5076
3682
3864
3865
4910
4911
4912
4913
4914
4915
7189
4843
4905
4906
4907
4908
4909
3884
3686
5077
5078
5079
5044
4921
4922
4923
4924
4958
7133
7134
3867
7135
7136
7144
3881
5096
7145
5030
5031
4916
4917
4918
4919
4920
5029
5028
7115
7114
7116
7654
1184
1205
1206
1207
1208
1209
1210
1211
3575
3576
3577
3578
3579
3580
5082
3639
3644
3645
3646
3647
3661
3573
3662
1212
1213
1214
1215
1216
1217
3648
3649
3650
7328
3651
3652
3654
5084
6359
4433
3655
5086
3657
3658
7329
3659
3660
4096
4114
4115
4116
4117
4118
4119
4120
4121
4122
4123
3310
3488
3489
3492
2835
7176
2836
2841
2898
3562
2899
2900
2901
2902
2903
1074
6074
207
2811
2812
2813
2814
2815
2816
2817
2824
2827
2828
7375
3466
3467
3469
3470
3471
3472
3473
3474
3475
3476
3477
3478
3280
3282
3479
4086
4087
4088
4089
4090
4091
6097
4093
4094
3495
3496
3497
3498
3499
3500
3501
3502
3503
3504
3505
3506
3507
3508
3510
3512
3514
3515
3516
3517
3518
3519
3521
3523
3524
3525
3527
3528
3529
2040
3202
3203
3204
3241
3242
3243
3244
3245
3534
3535
3536
3537
3538
7556
3539
3540
3541
3542
3543
4169
4147
5167
4139
4140
7522
4142
4143
4144
5088
5089
4176
3545
3552
3553
3554
3555
3556
3557
3560
7323
3561
3231
3246
3247
7056
3248
3343
3238
3239
3240
3546
3551
3547
3548
4137
4138
4145
4146
797
798
799
800
801
803
804
805
806
7491
7513
2039
2041
4568
4569
4570
2056
2057
2058
2059
2018
2019
2020
2021
2022
4565
4566
4567
807
808
809
810
811
812
813
814
81
4962
3034
4353
4355
4354
3345
4726
7555
342
2385
2386
2387
2388
2515
2516
2517
2518
4749
4750
4751
4754
4755
3003
2522
2524
2523
2532
4877
4878
7180
7123
4342
7122
7121
7183
4880
2539
2540
2542
3004
4756
3005
4757
4758
6343
4759
4760
2547
2548
2634
2635
2636
5097
5192
2357
2638
3420
3421
3422
3376
3377
3378
3379
4669
6013
6247
7433
3423
1972
1973
1974
518
2255
2256
2717
2257
2258
2259
2260
2261
4469
2262
2264
2265
2269
2270
2274
7601
2278
2720
2280
2281
2282
4468
2283
2389
2390
2391
2392
2393
2394
2395
2396
2397
2398
2399
2400
2401
2402
2403
2551
2553
2554
2555
2556
7214
2558
6170
5023
5161
5162
2571
2594
2595
2596
2597
2599
2404
2405
2406
2408
2409
2410
2411
2412
2438
2439
2440
2441
2442
2443
2444
4344
2750
2751
2752
2753
2754
2755
2756
2764
7178
2765
2766
2767
2772
2768
2769
2770
2771
2773
2774
2777
2775
2728
2729
2730
6083
2733
2734
5169
2735
2736
2725
2737
2738
2739
7177
2740
2741
2742
2743
2745
2746
2747
2748
4830
3091
3092
3093
3094
3095
3096
3097
3098
3099
3100
3101
3102
3103
5105
3105
3106
3107
3108
7666
3111
2919
2920
2921
2922
2923
2943
2944
2945
2946
2947
2047
2048
2049
2050
2053
2054
2055
7636
7651
7635
3254
3126
3255
3309
3306
4772
3276
7372
5106
4396
4773
4393
4395
4313
3277
3278
3279
7360
3256
3265
3266
3346
3267
3268
3269
3270
3271
3272
3273
3274
3275
3285
7324
7373
3289
3312
4771
3307
3262
3153
7634
3249
7637
2023
2024
2025
2027
2028
2029
2030
3290
5168
3291
3292
3293
3294
3295
3296
3297
3298
3260
3261
7564
2550
4445
2352
2573
2574
2576
2577
2578
2579
7395
6124
4004
4005
4006
4007
4008
4010
4009
4011
5110
4012
4013
4014
4098
4015
4017
4018
4019
4020
4100
4021
4022
4023
4024
4027
7250
7248
7207
7288
7286
7283
7282
7278
7252
7254
7257
7258
7260
7263
7264
7268
7289
7280
7281
7284
7287
7208
7249
7253
7251
4051
4052
4054
4055
4057
4101
4102
4058
4059
4060
4061
4062
4063
4064
4056
4133
4065
4066
4067
4068
4069
4070
4071
4072
4073
2583
2584
2585
2586
2587
2588
2589
2590
2591
2592
2358
2600
7266
7265
7262
7261
7259
7256
7255
5111
3006
4871
4872
4873
4874
7331
2559
2560
2561
2562
2564
4927
4928
2575
4929
7460
4930
4931
4713
4714
4960
4932
4933
2566
2567
2568
2569
7550
2570
7222
4882
4883
4884
4885
3985
3986
3987
3989
3990
3991
3998
3999
4000
7186
3954
3955
3956
3957
3958
3959
3960
3961
3962
3963
3964
3965
3968
3966
5113
3918
3980
6089
3981
3982
3983
3993
3994
3995
3996
3997
7234
4002
5112
4003
4404
4405
1447
7050
7185
6156
6165
6157
6158
7314
7193
7313
6164
6159
6160
6161
3947
3892
3893
3895
3896
3897
3898
3899
3900
3901
3902
3904
3905
3906
3907
3908
3909
5118
3910
3911
3912
3913
3914
7075
3925
3008
3917
3926
7074
3919
3920
3921
3922
3923
3112
3924
3927
3928
3929
7108
3935
3936
7110
3938
3939
3940
3941
3943
3944
3945
3946
7085
7086
7087
7088
7089
7091
7079
7080
7081
7565
7082
7083
7084
3400
3401
3402
3403
3404
3405
3406
3410
3407
3408
3409
4558
3411
3412
3413
3414
3415
3416
3417
2158
1471
1372
1373
1374
1968
1969
1970
1971
2114
2115
2167
3383
3384
3385
3386
3387
4559
3389
3390
6119
3392
3393
3394
3396
3397
3398
3399
6187
6188
6215
4564
3443
3444
3445
3446
3447
3448
3449
3436
7432
3454
3455
3456
3457
3438
5022
6002
5119
5120
5121
5122
3461
4532
4534
4535
2169
2170
4720
1452
2640
2641
2162
2163
2168
4536
6003
5123
5124
5125
6001
4438
3432
3426
3434
3435
3453
3437
3439
3440
4557
3441
4560
2109
3427
3428
3429
7644
7645
7646
3071
3072
3073
3074
3075
3076
3077
4
3036
3037
3038
3039
3040
3041
3042
7641
7642
7643
175
156
4319
4724
4508
7402
4717
7401
3665
7400
7611
286
2605
2538
6128
2544
2545
1131
1132
1133
1134
4586
2872
2873
2874
2877
7394
2878
2879
2038
4637
7393
2880
2882
2883
2885
2886
2887
4587
1138
1139
2520
2521
2533
2534
2535
2536
2616
2604
2905
7612
1014
5006
5007
2130
2173
2174
3425
2763
2619
2620
2345
4341
2363
2364
2618
5011
2762
2110
2111
2112
2116
2117
4414
5009
2617
2606
2607
2608
2609
2610
2425
2426
2427
2428
2429
2430
2420
2421
2423
2424
2447
5133
2611
2602
2613
2614
2615
5024
326
2645
2646
2647
2648
2649
2650
2652
2653
2654
2657
2658
2659
2660
2661
2662
2909
2906
2907
2670
2910
2911
7507
2663
2664
2665
2666
2667
2703
2704
2706
6070
2708
5134
1480
2912
6020
6023
6026
6027
6030
6028
6025
6024
6021
3079
3080
3081
7584
3344
7421
7422
4732
3544
7317
4731
7419
7420
4891
7425
7424
7423
1566
1567
4372
179
7431
176
181
182
183
1614
1615
2479
2480
2481
2482
2483
2484
2485
2486
2487
2488
2489
2448
5026
2490
2491
2492
2493
1616
1617
1618
1619
202
151
153
154
155
7430
177
178
1539
1540
7426
7427
7428
133
134
173
174
157
158
159
7188
3117
3118
3119
3120
3122
3123
3124
3125
3127
3128
4217
4218
4219
4220
4221
4231
7352
4246
4248
4249
4250
4251
4252
4253
4254
6137
4256
4257
4258
4259
7272
4305
4306
4309
4260
4261
7271
5136
4262
4263
4264
7296
4265
4266
4267
4268
4269
4270
4271
4273
4274
4275
4276
4285
4286
4287
4288
3149
3150
3151
3152
2995
3154
3155
3156
3158
3159
3160
4307
4308
746
844
7363
4588
4589
7364
7365
4591
4590
7366
7367
7368
167
168
169
2416
2417
2418
2419
2452
2453
2454
2455
2456
2445
2457
4392
2446
2459
2460
2461
2462
2463
2431
2432
2433
164
165
166
2458
